3.4e-258
0
0
2.2
8.5e-288
0
0
9.5e-249
8.8e-236
2.4e-261
2.8e-258
8.5e-288
8.5e-288
3.4e-258
8.5e-288
3.4e-258
8.5e-288
3.4e-258

0
5.1e-258

6.4e-260

2.5e-280
1.6e-267
1.9e-248

3.8e-237
2.1e-233
0


2.5e-280
2.5e-280

0

2.5e-280
0

2.5e-280

0

0
1.1e-256
2.8e-259
1.4e-238
5.4e-280
1.5e-265
3.5e-249
2.5
3.3e-233
0
5.2e-256
5.4e-280
5.4e-280

0
5.4e-280
0

5.4e-280
0
4.4e-243
6.6e-257
3.6e-247

1004.1
3.6e-259

7.2e-260
6.6e-252
0
6.4e-269
3.9e-242
0
3.6e-259
3.6e-259
4.4e-243
3.6e-259
4.4e-243
3.6e-259
4.4e-243
9.5e-267
4.2e-258
7.5e-262
2.1
2.3e-274
3.3e-268
5.2e-260
1.2e-238
4.2e-235
5.3

0.5
2.3e-274
2.3e-274
9.5e-267
2.3e-274
9.5e-267
2.3e-274
9.5e-267
3.3
1.3e-263
7.7e-260
0
6.5e-272
8.9e-263
9.3e-262
1.0
2.1e-276
2.3e-258
0
6.5e-272
6.5e-272
3.3
6.5e-272
3.3
6.5e-272
3.3

0
0.2

3.6e-235
7.9e-281

6.5e-266
1.4e-247
1.4e-235
3.5e-235
0
1.1e-253
7.9e-281
7.9e-281

0
7.9e-281
0

7.9e-281
0
3.8e-235
2.5e-239
4.9e-247
9.3e-270
8.5e-266
2.2e-253
2.9e-244
0
7.9e-261
3.9e-238

8.5e-266
8.5e-266
3.8e-235
8.5e-266
3.8e-235
8.5e-266
3.8e-235
6.3e-216
9.3e-208
4.9e-216
3.3e-229
1.5e-232

5.5e-211
1.4
1.1e-222
3.1
2.9e-240
1.5e-232
1.5e-232
6.3e-216
1.5e-232
6.3e-216
1.5e-232
6.3e-216
0
5.4e-249
4.3e-254

4.6e-269
8.6e-253

3.2
1.1e-235
0
1.6e-247
4.6e-269
4.6e-269
0
4.6e-269
0
4.6e-269
0
0
2.9e-257
1.9e-259
2.4e-236
2.9e-281
1.7
7.7e-248

8.2e-238
3.2e-235
0
2.1e-253

2.9e-281
2.9e-281
0

2.9e-281
0
2.9e-281

0
3.3e-239
2.4e-246
5.6e-250
1.1e-265
2.5e-267
5.4e-258
5.2e-247
0
7.3e-262
3.8
1.3e-272
2.5e-267
2.5e-267
3.3e-239
2.5e-267
3.3e-239
2.5e-267
3.3e-239
7.1e-237
5.5e-238
6.8e-247
3.3e-273
7.7e-259
6.4e-250
4.2e-244
0
1.1e-270
1.3e-239
1.6e-278
7.7e-259
7.7e-259
7.1e-237
7.7e-259
7.1e-237
7.7e-259
7.1e-237
2.8e-252
3.2e-261
0.2
0
7.2e-273
1.8e-264
4.2e-258

2.0
8.7e-256
0
7.2e-273
7.2e-273
2.8e-252
7.2e-273
2.8e-252
7.2e-273
2.8e-252
0


6.8e-233
3.6e-280

2.8e-263
1.8e-246

2.9e-236

0
2.2e-251

3.6e-280
3.6e-280
0

3.6e-280
0
3.6e-280

0
2.8e-252
3.2e-261
0.2
0
7.2e-273
1.8e-264
4.2e-258

2.0
8.7e-256
0
7.2e-273
7.2e-273
2.8e-252
7.2e-273
2.8e-252
7.2e-273
2.8e-252

0

3.2e-256

5.4
2.9e-266
2.6e-245
2.1e-238
2.1e-227

0
1.8e-246
5.4
5.4

0
5.4
0

5.4
0
0
1.9e-259
1.4e-260
1.8e-234
8.6e-280
1.5
1.9e-252
2.1e-238
2.8
0
1.7e-258
8.6e-280
8.6e-280
0
8.6e-280
0
8.6e-280
0
